0.0000 -1.9375 1.8750 -0.9375 0.8750
0.1000 -1.9375 1.8750 -0.9375 0.8750
0.2000 -1.9375 1.8750 -0.9375 0.8750
0.3000 -1.9375 1.8750 -0.9375 0.8750
0.4000 -1.9375 1.8750 -0.9375 0.8125
0.5000 -1.9375 1.8125 -0.9375 0.8125
0.6000 -1.8750 1.8125 -0.8750 0.8125
0.7000 -1.8750 1.8125 -0.8750 0.8125
0.8000 -1.8750 1.8125 -0.8750 0.8125
0.9000 -1.8750 1.8125 -0.8750 0.8125
1.0000 -1.8125 1.7500 -0.8125 0.7500
1.1000 -1.8125 1.7500 -0.8125 0.7500
1.2000 -1.7500 1.6875 -0.8125 0.7500
1.3000 -1.6875 1.6250 -0.7500 0.6875
1.4000 -1.6875 1.6250 -0.7500 0.6875
1.5000 -1.6875 1.5625 -0.7500 0.6250
1.6000 -1.6250 1.5625 -0.6875 0.6250
1.7000 -1.5625 1.5000 -0.6250 0.5625
1.8000 -1.5000 1.4375 -0.6250 0.5000
1.9000 -1.4375 1.3750 -0.5625 0.5000
