0.0000 -1.4375 1.3750 -1.3750 1.3125
0.1000 -1.4375 1.3750 -1.3750 1.3125
0.2000 -1.4375 1.3750 -1.3750 1.3125
0.3000 -1.3750 1.3125 -1.3750 1.3750
0.4000 -1.3750 1.3125 -1.3750 1.3125
0.5000 -1.3750 1.3125 -1.3750 1.3125
0.6000 -1.3750 1.3125 -1.3750 1.3125
0.7000 -1.3750 1.3125 -1.3750 1.2500
0.8000 -1.3750 1.2500 -1.3125 1.2500
0.9000 -1.3125 1.2500 -1.3125 1.2500
1.0000 -1.3125 1.1875 -1.2500 1.2500
1.1000 -1.2500 1.1875 -1.2500 1.1875
1.2000 -1.2500 1.1875 -1.2500 1.1875
1.3000 -1.1875 1.1250 -1.1875 1.1250
1.4000 -1.1875 1.0625 -1.1875 1.0625
1.5000 -1.1875 1.0625 -1.1250 1.0625
1.6000 -1.0625 1.0625 -1.1250 1.0625
1.7000 -1.0625 1.0000 -1.0000 1.0000
1.8000 -0.9375 0.8750 -1.0000 0.9375
1.9000 -0.9375 0.8125 -0.9375 0.8750
