0.0000 -1.9375 1.8750 -0.8750 0.8125
0.1000 -1.9375 1.8750 -0.8750 0.8125
0.2000 -1.9375 1.8750 -0.8750 0.8125
0.3000 -1.9375 1.8125 -0.8750 0.8125
0.4000 -1.9375 1.8125 -0.8750 0.8125
0.5000 -1.8750 1.8125 -0.8750 0.8125
0.6000 -1.8750 1.8125 -0.8750 0.8125
0.7000 -1.8750 1.7500 -0.8125 0.7500
0.8000 -1.8125 1.7500 -0.8125 0.7500
0.9000 -1.8125 1.7500 -0.8125 0.7500
1.0000 -1.8125 1.6875 -0.7500 0.7500
1.1000 -1.7500 1.6875 -0.7500 0.6875
1.2000 -1.6875 1.6250 -0.7500 0.6250
1.3000 -1.6250 1.5625 -0.6875 0.6250
1.4000 -1.5625 1.5000 -0.6875 0.5625
1.5000 -1.4375 1.5000 -0.6250 0.5625
1.6000 -1.3750 1.3125 -0.5625 0.5000
1.7000 -1.1250 1.1250 -0.4375 0.4375
1.8000 -0.7500 0.7500 -0.2500 0.3125
1.9000 -0.6250 0.6875 -0.1875 0.2500
